0.078125 0.078125 0
0.15625 0.15625 0
0.234375 0.234375 0
0.3125 0.3125 0
0.390625 0.390625 0
0.46875 0.46875 0
0.546875 0.546875 0
0.625 0.625 0
0.703125 0.703125 0
0.78125 0.78125 0
0.859375 0.859375 0
0.9375 0.9375 0
1.01562 1.01562 0
1.09375 1.09375 0
1.17188 1.17188 0
1.25 1.25 0
1.32812 1.32812 0
1.40625 1.40625 0
1.48438 1.48438 0
1.5625 1.5625 0
1.64062 1.64062 0
1.71875 1.71875 0
1.79688 1.79688 0
1.875 1.875 0
1.95312 1.95312 0
2.03125 2.03125 0
2.10938 2.10938 0
2.1875 2.1875 0
2.26562 2.26562 0
2.34375 2.34375 0
2.42188 2.42188 0
2.5 2.5 0
2.57812 2.57812 0
2.65625 2.65625 0
2.73438 2.73438 0
2.8125 2.8125 0
2.89062 2.89062 0
2.96875 2.96875 0
3.04688 3.04688 0
3.125 3.125 0
3.20312 3.20312 0
3.28125 3.28125 0
3.35938 3.35938 0
3.4375 3.4375 0
3.51562 3.51562 0
3.59375 3.59375 0
3.67188 3.67188 0
3.75 3.75 0
3.82812 3.82812 0
3.90625 3.90625 0
3.98438 3.98438 0
4.0625 4.0625 0
4.14062 4.14062 0
4.21875 4.21875 0
4.29688 4.29688 0
4.375 4.375 0.078125
4.45312 4.45312 0.078125
4.53125 4.53125 0.078125
4.60938 4.60938 0
4.6875 4.6875 0
4.76562 4.76562 0
4.84375 4.84375 0
4.92188 4.92188 0
5 5 0
5.07812 5.07812 0
5.15625 5.15625 0
5.23438 5.23438 0
5.3125 5.3125 0
5.39062 5.39062 0
5.46875 5.46875 0
5.54688 5.54688 0
5.625 5.625 0
5.70312 5.70312 0
5.78125 5.78125 0
5.85938 5.85938 0
5.9375 5.9375 0
6.01562 6.01562 0
6.09375 6.09375 0
6.17188 6.17188 0
6.25 6.25 0
6.32812 6.32812 0
6.40625 6.40625 0
6.48438 6.48438 0
6.5625 6.5625 0
6.64062 6.64062 0
6.71875 6.71875 0
6.79688 6.79688 0
6.875 6.875 0
6.95312 6.95312 0
7.03125 7.03125 0
